              precision    recall  f1-score   support

         0.0       0.71      0.59      0.64      8876
         1.0       0.98      0.96      0.97      8734
         2.0       1.00      1.00      1.00      8720
         3.0       0.58      0.74      0.65      8583
         4.0       0.60      0.50      0.55      8775
         5.0       0.86      0.95      0.91      8672

    accuracy                           0.79     52360
   macro avg       0.79      0.79      0.79     52360
weighted avg       0.79      0.79      0.79     52360
