              precision    recall  f1-score   support

         0.0       0.92      0.90      0.91     66178
         1.0       0.96      0.94      0.95     65546
         2.0       0.99      0.99      0.99     66023
         3.0       0.81      0.93      0.87     65680
         4.0       0.92      0.80      0.86     66205
         5.0       0.92      0.93      0.93     65644

    accuracy                           0.92    395276
   macro avg       0.92      0.92      0.92    395276
weighted avg       0.92      0.92      0.92    395276
