              precision    recall  f1-score   support

         0.0       0.98      0.97      0.97     27116
         1.0       0.99      0.98      0.99     27551
         2.0       1.00      1.00      1.00     27361
         3.0       0.96      0.93      0.94     27462
         4.0       0.92      0.97      0.94     27392
         5.0       1.00      1.00      1.00     27478

    accuracy                           0.98    164360
   macro avg       0.98      0.98      0.98    164360
weighted avg       0.98      0.98      0.98    164360
