              precision    recall  f1-score   support

         0.0       0.56      0.55      0.55      8776
         1.0       0.95      0.94      0.95      8703
         2.0       0.99      0.99      0.99      8609
         3.0       0.60      0.76      0.67      8751
         4.0       0.59      0.52      0.55      8730
         5.0       0.87      0.76      0.81      8791

    accuracy                           0.75     52360
   macro avg       0.76      0.75      0.75     52360
weighted avg       0.76      0.75      0.75     52360
