              precision    recall  f1-score   support

         0.0       0.00      0.00      0.00       444
         1.0       0.25      0.00      0.01       420
         2.0       0.00      0.00      0.00       439
         3.0       0.18      1.00      0.31       474
         4.0       0.00      0.00      0.00       400
         5.0       0.00      0.00      0.00       443

    accuracy                           0.18      2620
   macro avg       0.07      0.17      0.05      2620
weighted avg       0.07      0.18      0.06      2620
