              precision    recall  f1-score   support

         0.0       0.00      0.00      0.00      1168
         1.0       0.00      0.00      0.00      1103
         2.0       0.00      0.00      0.00      1161
         3.0       0.17      1.00      0.29      1197
         4.0       0.00      0.00      0.00      1135
         5.0       0.00      0.00      0.00      1192

    accuracy                           0.17      6956
   macro avg       0.03      0.17      0.05      6956
weighted avg       0.03      0.17      0.05      6956
