              precision    recall  f1-score   support

         0.0       0.86      0.95      0.90      8613
         1.0       0.99      0.97      0.98      8740
         2.0       1.00      1.00      1.00      8825
         3.0       0.85      0.78      0.81      8729
         4.0       0.80      0.77      0.78      8800
         5.0       0.91      0.94      0.92      8653

    accuracy                           0.90     52360
   macro avg       0.90      0.90      0.90     52360
weighted avg       0.90      0.90      0.90     52360
