              precision    recall  f1-score   support

         0.0       0.00      0.00      0.00       449
         1.0       0.00      0.00      0.00       440
         2.0       0.00      0.00      0.00       456
         3.0       0.17      1.00      0.28       434
         4.0       0.00      0.00      0.00       425
         5.0       0.00      0.00      0.00       416

    accuracy                           0.17      2620
   macro avg       0.03      0.17      0.05      2620
weighted avg       0.03      0.17      0.05      2620
