              precision    recall  f1-score   support

         0.0       0.70      0.54      0.61      9885
         1.0       0.98      0.96      0.97     19614
         2.0       0.89      0.84      0.87       140
         3.0       0.64      0.72      0.68     10124
         4.0       0.58      0.67      0.62      9480
         5.0       0.79      0.38      0.52       167

    accuracy                           0.77     49410
   macro avg       0.76      0.69      0.71     49410
weighted avg       0.77      0.77      0.77     49410
