              precision    recall  f1-score   support

         0.0       0.68      0.52      0.59     33032
         1.0       0.97      0.94      0.95     33109
         2.0       1.00      1.00      1.00     33200
         3.0       0.60      0.66      0.63     33254
         4.0       0.53      0.61      0.57     33328
         5.0       0.97      1.00      0.99     33109

    accuracy                           0.79    199032
   macro avg       0.79      0.79      0.79    199032
weighted avg       0.79      0.79      0.79    199032
