              precision    recall  f1-score   support

         0.0       0.00      0.00      0.00       454
         1.0       0.17      1.00      0.29       439
         2.0       0.00      0.00      0.00       442
         3.0       0.00      0.00      0.00       469
         4.0       0.00      0.00      0.00       419
         5.0       0.00      0.00      0.00       397

    accuracy                           0.17      2620
   macro avg       0.03      0.17      0.05      2620
weighted avg       0.03      0.17      0.05      2620
