              precision    recall  f1-score   support

         0.0       0.64      0.54      0.58      9818
         1.0       0.98      0.95      0.96     19744
         2.0       0.77      0.86      0.81       161
         3.0       0.70      0.59      0.64     10040
         4.0       0.52      0.73      0.61      9490
         5.0       0.43      0.45      0.44       157

    accuracy                           0.75     49410
   macro avg       0.67      0.68      0.67     49410
weighted avg       0.76      0.75      0.75     49410
