              precision    recall  f1-score   support

         0.0       0.83      0.59      0.69       474
         1.0       0.97      0.98      0.98       455
         2.0       1.00      1.00      1.00       402
         3.0       0.58      0.91      0.71       424
         4.0       0.66      0.52      0.58       424
         5.0       0.99      0.94      0.96       441

    accuracy                           0.82      2620
   macro avg       0.84      0.82      0.82      2620
weighted avg       0.84      0.82      0.82      2620
