              precision    recall  f1-score   support

         0.0       0.64      0.57      0.61     33048
         1.0       0.97      0.94      0.96     33381
         2.0       1.00      1.00      1.00     33185
         3.0       0.56      0.74      0.64     33181
         4.0       0.59      0.45      0.51     33278
         5.0       0.96      1.00      0.98     32959

    accuracy                           0.79    199032
   macro avg       0.79      0.79      0.78    199032
weighted avg       0.79      0.79      0.78    199032
