              precision    recall  f1-score   support

         0.0       0.96      0.89      0.92      8536
         1.0       0.99      0.98      0.98      8712
         2.0       1.00      1.00      1.00      8742
         3.0       0.83      0.84      0.84      8755
         4.0       0.81      0.88      0.84      8789
         5.0       0.97      0.93      0.95      8826

    accuracy                           0.92     52360
   macro avg       0.92      0.92      0.92     52360
weighted avg       0.92      0.92      0.92     52360
