              precision    recall  f1-score   support

         0.0       0.22      0.69      0.33       431
         1.0       0.64      0.53      0.58       465
         2.0       0.48      0.57      0.52       405
         3.0       0.00      0.00      0.00       448
         4.0       0.20      0.00      0.00       434
         5.0       0.53      0.47      0.50       437

    accuracy                           0.37      2620
   macro avg       0.34      0.38      0.32      2620
weighted avg       0.35      0.37      0.32      2620
