              precision    recall  f1-score   support

         0.0       0.00      0.00      0.00       465
         1.0       0.00      0.00      0.00       437
         2.0       0.88      0.03      0.06       420
         3.0       0.00      0.00      0.00       426
         4.0       0.17      1.00      0.30       451
         5.0       0.00      0.00      0.00       421

    accuracy                           0.18      2620
   macro avg       0.17      0.17      0.06      2620
weighted avg       0.17      0.18      0.06      2620
