              precision    recall  f1-score   support

         0.0       0.16      1.00      0.28       430
         1.0       0.00      0.00      0.00       412
         2.0       0.00      0.00      0.00       434
         3.0       0.00      0.00      0.00       458
         4.0       0.00      0.00      0.00       452
         5.0       0.00      0.00      0.00       434

    accuracy                           0.16      2620
   macro avg       0.03      0.17      0.05      2620
weighted avg       0.03      0.16      0.05      2620
