              precision    recall  f1-score   support

         0.0       0.00      0.00      0.00       423
         1.0       0.16      1.00      0.27       410
         2.0       0.00      0.00      0.00       449
         3.0       0.00      0.00      0.00       442
         4.0       0.00      0.00      0.00       427
         5.0       0.00      0.00      0.00       469

    accuracy                           0.16      2620
   macro avg       0.03      0.17      0.05      2620
weighted avg       0.02      0.16      0.04      2620
